1.000000000000000000e+00	2.326304517351472448e-17
9.997467255743086589e-01	-4.444994695178271520e-05
9.989871813146690149e-01	-1.777026348184040482e-04
9.977222037878492600e-01	-3.994672651980531088e-04
9.959531856566070651e-01	-7.092613624476995504e-04
9.936820732682523083e-01	-1.106414009157760496e-03
9.909113633010878663e-01	-1.590070282625100691e-03
9.876440984906483811e-01	-2.159196801305249963e-03
9.838838624631495167e-01	-2.812588267280099943e-03
9.796347737085304708e-01	-3.548874870056793578e-03
9.749014787297989315e-01	-4.366530398924855366e-03
9.696891444090109946e-01	-5.263880896016559854e-03
9.640034496330812663e-01	-6.239113670447487582e-03
9.578505762246801725e-01	-7.290286485718756870e-03
9.512371992247167229e-01	-8.415336728133526387e-03
9.441704765733535121e-01	-9.612090363439042967e-03
9.366580382361430201e-01	-1.087827049230653473e-02
9.287079748207978103e-01	-1.221150532260143091e-02
9.203288257283512852e-01	-1.360933538756055675e-02
9.115295668801181028e-01	-1.506921985385654625e-02
9.023195980590253962e-01	-1.658854178183932424e-02
8.927087299006616350e-01	-1.816461222171852213e-02
8.827071705658983136e-01	-1.979467305373896341e-02
8.723255121233051135e-01	-2.147589850708624126e-02
8.615747166659238898e-01	-2.320539532089128942e-02
8.504661021834217793e-01	-2.498020154077913030e-02
8.390113282073198286e-01	-2.679728397539108548e-02
8.272223812440110402e-01	-2.865353436865906295e-02
8.151115600077332157e-01	-3.054576437472544814e-02
8.026914604636387063e-01	-3.247069945274145414e-02
7.899749606896726561e-01	-3.442497182772658731e-02
7.769752055651764078e-01	-3.640511269070928480e-02
7.637055912940194924e-01	-3.840754383593127097e-02
7.501797497706149676e-01	-4.042856895450100407e-02
7.364115327984026571e-01	-4.246436482205638574e-02
7.224149961722288182e-01	-4.451097263234640722e-02
7.082043836384709357e-01	-4.656428973880392258e-02
6.937941107496653492e-01	-4.862006207189153301e-02
6.791987486336953372e-01	-5.067387750103472671e-02
6.644330077011916247e-01	-5.272116040618698291e-02
6.495117213185334082e-01	-5.475716771544321404e-02
6.344498294776124148e-01	-5.677698665165689662e-02
6.192623624971786978e-01	-5.877553441284057156e-02
6.039644247939810473e-01	-6.074755998841761817e-02
5.885711787649255955e-01	-6.268764828644275700e-02
5.730978288239394480e-01	-6.459022671603761867e-02
5.575596056390648148e-01	-6.644957433495066179e-02
5.419717506163495013e-01	-6.825983363480656041e-02
5.263495006773264429e-01	-7.001502499682650538e-02
5.107080733761371061e-01	-7.170906380916210188e-02
4.950626524006688789e-01	-7.333578019413181104e-02
4.794283734993720625e-01	-7.488894125025401249e-02
4.638203108717276479e-01	-7.636227567071667000e-02
4.482534640556647965e-01	-7.774950055751508882e-02
4.327427453396433532e-01	-7.904435020962052860e-02
4.173029677206909760e-01	-8.024060662489750084e-02
4.019488334225380100e-01	-8.133213141972506222e-02
3.868861432432037506e-01	-8.232501191157721998e-02
3.719678217280507071e-01	-8.323238451662774706e-02
3.571792209901397674e-01	-8.404800396074353641e-02
3.425332537258608534e-01	-8.476547436316952955e-02
3.280426527636826628e-01	-8.537854705044201076e-02
3.137199714441478160e-01	-8.588115781790739423e-02
2.995775847426460636e-01	-8.626746311310537485e-02
2.856276909956768639e-01	-8.653187470651130253e-02
2.718823140781182479e-01	-8.666909242816941972e-02
2.583533058683038508e-01	-8.667413456796303761e-02
2.450523488297842722e-01	-8.654236556241934331e-02
2.319909585337664448e-01	-8.626952062171178159e-02
2.191804859445948273e-01	-8.585172698647677847e-02
2.066321192923810113e-01	-8.528552154471921720e-02
1.943568853620568360e-01	-8.456786458385645577e-02
1.823656500367152322e-01	-8.369614950122931940e-02
1.706691179450008089e-01	-8.266820834749293023e-02
1.592778310773643458e-01	-8.148231313047435420e-02
1.482021662539528550e-01	-8.013717286158963948e-02
1.374523313474669550e-01	-7.863192638198072959e-02
1.270383601871125090e-01	-7.696613106038600882e-02
1.169701060943818260e-01	-7.513974750862599528e-02
1.072572340273577618e-01	-7.315312051271236071e-02
9.790921133704470758e-02	-7.100695642725368684e-02
8.893529716636958127e-02	-6.870229732734479955e-02
8.034453054942980454e-02	-6.624049225484646142e-02
7.214571729475795225e-02	-6.362316593431419087e-02
6.434741576130072194e-02	-6.085218536728786987e-02
5.695792165896648718e-02	-5.792962474176664017e-02
4.998525202651281363e-02	-5.485772911608732122e-02
4.343712855779264387e-02	-5.163887735280279362e-02
3.732096046257837169e-02	-4.827554478830956702e-02
3.164382706002026591e-02	-4.477026612776838915e-02
2.641246031101600680e-02	-4.112559905225303403e-02
2.163322750019544896e-02	-3.734408901609401893e-02
1.731211427875161551e-02	-3.342823569717418702e-02
1.345470827595138946e-02	-2.938046154168643884e-02
1.006618347988941752e-02	-2.520308281786234894e-02
7.151285577035300031e-03	-2.089828356077472540e-02
4.714318425573768394e-03	-1.646809275293107874e-02
2.759131819725152944e-03	-1.191436504349176369e-02
1.289110681500339013e-03	-7.238765263104881068e-03
3.071657930914847151e-04	-2.442756942138336884e-03
-1.825553107487939281e-04	2.455217019886836959e-03
-1.678026659439064549e-04	7.350817481431414641e-03
3.545777324816471853e-04	1.222513004951397524e-02
1.385510597538467227e-03	1.707575016061035553e-02
2.925404222407572332e-03	2.189960631088687729e-02
4.974144180000078866e-03	2.669297736784399799e-02
7.531086466334067919e-03	3.145151579210465204e-02
1.059505019699142486e-02	3.617027653043123486e-02
1.416430998819287121e-02	4.084375128429331564e-02
1.823658817378921368e-02	4.546590780507114848e-02
2.280904702631265935e-02	5.003023381788530149e-02
2.787828116382329996e-02	5.452978513165861879e-02
3.344031033434662764e-02	5.895723745385330478e-02
3.949057277602498195e-02	6.330494139483519578e-02
4.602391935357000308e-02	6.756498011937457637e-02
5.303460867015234725e-02	7.172922908170653589e-02
6.051630334852740878e-02	7.578941726607024698e-02
6.846206766607554339e-02	7.973718934686757631e-02
7.686436671571286738e-02	8.356416818158983462e-02
8.571506724855622317e-02	8.726201705543362719e-02
9.500544033512292597e-02	9.082250110894399264e-02
1.047261659600882411e-01	9.423754739889490806e-02
1.148673396416420300e-01	9.749930306765898502e-02
1.254184811407541289e-01	1.006001911271642429e-01
1.363685452986758417e-01	1.035329633997544296e-01
1.477059350133038962e-01	1.062907501993405335e-01
1.594185163371440173e-01	1.088671063815834644e-01
1.714936356520749827e-01	1.112560534408470331e-01
1.839181388494478819e-01	1.134521173836185171e-01
1.966783924187629484e-01	1.154503621622895715e-01
2.097603063247103217e-01	1.172464185088685773e-01
2.231493585311630778e-01	1.188365080645819305e-01
2.368306210121381983e-01	1.202174627576321486e-01
2.507887870741024594e-01	1.213867394368427916e-01
2.650081998015340057e-01	1.223424298227623330e-01
2.794728814285299956e-01	1.230832658892966058e-01
2.941665634335649537e-01	1.236086208373830819e-01
3.090727171522761885e-01	1.239185058669771411e-01
3.241745847043348561e-01	1.240135629940929962e-01
3.394552100349009782e-01	1.238950541953229567e-01
3.548974698786937498e-01	1.235648471927076192e-01
3.704841044650526993e-01	1.230253982166974874e-01
3.861977477952061588e-01	1.222797321039752055e-01
4.019932173734838687e-01	1.213316997596006752e-01
4.176926776605097702e-01	1.202065873139073066e-01
4.334709745558775196e-01	1.189225653012204453e-01
4.493116914277217600e-01	1.174850850140568281e-01
4.651983894802564357e-01	1.158998916418134822e-01
4.811146274243751630e-01	1.141729952739872905e-01
4.970439806896179147e-01	1.123106424586516605e-01
5.129700601604869625e-01	1.103192886029835534e-01
5.288765304271816348e-01	1.082055714703443056e-01
5.447471275472013374e-01	1.059762859932686374e-01
5.605656763198432202e-01	1.036383605843552436e-01
5.763161070803213271e-01	1.011988350881457555e-01
5.919824720239766913e-01	9.866484047731048646e-02
6.075489610738378232e-01	9.604358035651770764e-02
6.229999173066045337e-01	9.334231429791724211e-02
6.383198519529906800e-01	9.056834299387928056e-02
6.534934589883393263e-01	8.772899517612238462e-02
6.685056293285694951e-01	8.483161621621088111e-02
6.833414646449290641e-01	8.188355829115806506e-02
6.979862908088275697e-01	7.889217196998232762e-02
7.124256709753130634e-01	7.586479905297313642e-02
7.266454183106914044e-01	7.280876647543695068e-02
7.406316083664870042e-01	6.973138107210025138e-02
7.543705910985624152e-01	6.663992498731005631e-02
7.678490025268817076e-01	6.354165150980728427e-02
7.810537760282636466e-01	6.044378110916517888e-02
7.939721532516337277e-01	5.735349745392371440e-02
8.065916946428780543e-01	5.427794319887594560e-02
8.189002895645054458e-01	5.122421534064471038e-02
8.308861659940264266e-01	4.819935995635419440e-02
8.425378997843137041e-01	4.521036615948428178e-02
8.538444234692502688e-01	4.226415912949545856e-02
8.647950345987155396e-01	3.936759209705489870e-02
8.753794035884039371e-01	3.652743719419353219e-02
8.855875810720722496e-01	3.375037510791565470e-02
8.954100047465306522e-01	3.104298350614162483e-02
9.048375057029599544e-01	2.841172423577736569e-02
9.138613142418582358e-01	2.586292932363146516e-02
9.224730651729993181e-01	2.340278584124299080e-02
9.306648026061141721e-01	2.103731972390116695e-02
9.384289842424505812e-01	1.877237866169853206e-02
9.457584851818267024e-01	1.661361420586334597e-02
9.526466012641069403e-01	1.456646325642105451e-02
9.590870519681086170e-01	1.263612911702618677e-02
9.650739828946491849e-01	1.082756231924160775e-02
9.706019678636645942e-01	9.145441431348348346e-03
9.756660106579837510e-01	7.594154075699705714e-03
9.802615464483264152e-01	6.177778383572964278e-03
9.843844429353577619e-01	4.900065117316214358e-03
9.880310012451253288e-01	3.764420686340764696e-03
9.911979566138925390e-01	2.773891276240170612e-03
9.938824788972715485e-01	1.931148299154948796e-03
9.960821729366506894e-01	1.238475358654460463e-03
9.977950788132567972e-01	6.977569041443619242e-04
9.990196720168244005e-01	3.104687284510047537e-04
9.997548635518651583e-01	7.767043816799634552e-05
1.000000000000000000e+00	-2.326304517351472448e-17
